function [NELT,NODT,KAKOM,KOTEI,XX,YY,ZZ,FORCEN...
   ,EA,EIY,EIZ,GJ]=DATAIN1
%例題：小堀，吉田：構造解析プログラム，丸善，1980,p65
NELT=14;%要素数
NODT=14;%節点数
XX=[8 16 8 16 8 16 8 16 0 0 8 8 16 16];%節点のx座標
YY=[0 0 8 8 12 12 16 16 8 16 8 16 8 16];%節点のy座標
ZZ=[8 8 8 8 8 8 8 8 8 8 0 0 0 0];%節点のz座標
KAKOM=[1 3;2 4;3 5;4 6;5 7;6 8;3 9;7 10;3 4
       7 8;11 3;12 7;13 4;14 8];%要素を構成する節点
KOTEI=[1 1 1 1 1 1 1
       2 1 1 1 1 1 1
       9 1 1 1 1 1 1
      10 1 1 1 1 1 1
      11 1 1 1 1 1 1
      12 1 1 1 1 1 1
      13 1 1 1 1 1 1
      14 1 1 1 1 1 1];%拘束点とu,v,w,bu,bv,bw
FORCEN=[5 0 0 -20 0 0 0
        6 0 0 -20 0 0 0];%外力の節点，Fx,Fy,Fz,Mx,My,Mz
   E=21000000;
   EA=zeros(1,14)+E*0.003;%伸び剛性
   EIY=zeros(1,10)+E*0.01428571;%y軸周りの曲げ剛性
    EIY(11:14)=(1:4)*0+0.00714286*E;
   EIZ=zeros(1,10)+E*0.00476190;%z軸周りの曲げ剛性
    EIZ(11:14)=EIY(11:14);
   GJ=zeros(1,14)+100000;%x軸周りのねじり剛性 
%---------------------------
