function [EYOUNG,PO,NODT,NELT,RR,ZZ,TT,KOTEI,...
NFORCE,FORCE,NPRESS,PRESS]=DATAIN1S
%(注意)...は継続行をあらわす
%
%水圧を受ける円筒タンク
%
EYOUNG=210000;PO=0.0;
NODT=7;NELT=6;
RR=[400 400 400 400 400 400 400];
ZZ=[0 100 200 300 400 600 800];
TT=[20 20 20 20 20 20];
KOTEI=[1 1 1 1 1];
NFORCE=0;
FORCE=[5 0 0 0];
NPRESS=1;
PRESS=[0.8 0.7 0.6 0.5 0.4 0.2 0.0];
