function [XYZ,D,FORCE,KOTEI,KAKOM,T]=DATAIN
XYZ=[0   0   0 
    0.25  0   0
    0.5  0   0
    0   0.25  0
    0.25 0.25  0
    0.5 0.25  0
    0   0.5  0
    0.25 0.5  0
    0.5 0.5 0];
KAKOM=[1 5 4
       1 2 5
       2 6 5
       2 3 6
       4 8 7
       4 5 8
       5 9 8
       5 6 9];
KOTEI=[1 0 1 1
       2 0 0 1
       3 1 0 1
       4 0 1 0
       6 1 0 1
       7 1 1 0
       8 1 1 0
       9 1 0 0];
FORCE=[1 0.25 0 0];
E=7E9;
PO=0.3;
T=0.001;
D1=1.0/E;D3=-PO*D1;D4=2*(1+PO)/E;
D=[D1 D1 D3 D4 D4 D4];
